1 ﻿19020090040 秦心芯 123 131 100 95 100 549 109.8
2 19020090006 李磊 99 92 100 90 100 481 96.2
3 19020090017 唐一建 90 99 100 89 95 473 94.6
4 19020090031 曾丽丽 100 99 97 79 96 471 94.2
5 19020090013 罗开俊 105 115 94 45 100 459 91.8
6 19020090039 周世海 114 116 93 31 97 451 90.2
7 19020090020 王正伟 109 98 88 47 99 441 88.2
8 19020090025 谢瑞彬 94 120 100 50 73 437 87.4
9 19020090007 于微 89 78 100 66 99 432 86.4
10 19020090012 刘小利 87 82 89 71 99 428 85.6
11 19020090028 杨超 94 108 94 26 93 415 83.0
12 19020090030 尹惠洁 101 109 85 30 88 413 82.6
13 19020090038 周波 93 112 78 29 100 412 82.4
14 19020090008 梁惠 96 96 90 39 89 410 82.0
15 19020090003 程眉 71 96 68 72 100 407 81.4
16 19020090022 吴恒 108 80 89 38 87 402 80.4
17 19020090018 王鹏飞 103 110 94 21 68 396 79.2
18 19020090015 康小燕 98 82 90 26 100 396 79.2
19 19020090005 郭婷婷 100 101 89 43 62 395 79.0
20 19020090023 吴阳 76 115 94 22 88 395 79.0
21 19020090027 颜梦梅 79 107 77 43 88 394 78.8
22 19020090016 石波 105 98 82 31 70 386 77.2
23 19020090037 王金鑫 93 98 92 26 76 385 77.0
24 19020090001 曹雪勤 73 91 62 56 100 382 76.4
25 19020090004 费昊 81 120 88 37 55 381 76.2
26 19020090033 张薇 90 73 76 34 90 363 72.6
27 19020090036 李岗 89 106 88 50 27 360 72.0
28 19020090021 韦静宵 99 63 89 20 82 353 70.6
29 19020090009 向鑫 109 81 75 32 55 352 70.4
30 19020090034 张恤 94 73 72 24 89 352 70.4
31 19020090026 谢婷 78 80 83 29 78 348 69.6
32 19020090011 刘戒慧 103 69 63 19 89 343 68.6
33 19020090029 杨童 101 67 60 20 94 342 68.4
34 19020090032 张培 93 73 65 20 90 341 68.2
35 19020090019 赵正辉 92 77 80 21 71 341 68.2
36 19020090035 钟艳 93 75 71 33 67 339 67.8
37 19020090010 刘飞天 95 63 88 21 70 337 67.4
38 19020090014 邱淼 55 68 70 54 88 335 67.0
39 19020090002 羊自立 67 39 70 61 87 324 64.8
40 19020090024 肖劲 27 76 55 33 80 271 54.2
******
1 ﻿19020090040 秦心芯 123
2 19020090039 周世海 114
3 19020090020 王正伟 109
4 19020090009 向鑫 109
5 19020090022 吴恒 108
6 19020090013 罗开俊 105
7 19020090016 石波 105
8 19020090018 王鹏飞 103
9 19020090011 刘戒慧 103
10 19020090030 尹惠洁 101
11 19020090029 杨童 101
12 19020090031 曾丽丽 100
13 19020090005 郭婷婷 100
14 19020090006 李磊 99
15 19020090021 韦静宵 99
16 19020090015 康小燕 98
17 19020090008 梁惠 96
18 19020090010 刘飞天 95
19 19020090025 谢瑞彬 94
20 19020090028 杨超 94
21 19020090034 张恤 94
22 19020090038 周波 93
23 19020090037 王金鑫 93
24 19020090032 张培 93
25 19020090035 钟艳 93
26 19020090019 赵正辉 92
27 19020090017 唐一建 90
28 19020090033 张薇 90
29 19020090007 于微 89
30 19020090036 李岗 89
31 19020090012 刘小利 87
32 19020090004 费昊 81
33 19020090027 颜梦梅 79
34 19020090026 谢婷 78
35 19020090023 吴阳 76
36 19020090001 曹雪勤 73
37 19020090003 程眉 71
38 19020090002 羊自立 67
39 19020090014 邱淼 55
40 19020090024 肖劲 27
1 ﻿19020090040 秦心芯 131
2 19020090025 谢瑞彬 120
3 19020090004 费昊 120
4 19020090039 周世海 116
5 19020090013 罗开俊 115
6 19020090023 吴阳 115
7 19020090038 周波 112
8 19020090018 王鹏飞 110
9 19020090030 尹惠洁 109
10 19020090028 杨超 108
11 19020090027 颜梦梅 107
12 19020090036 李岗 106
13 19020090005 郭婷婷 101
14 19020090017 唐一建 99
15 19020090031 曾丽丽 99
16 19020090020 王正伟 98
17 19020090016 石波 98
18 19020090037 王金鑫 98
19 19020090008 梁惠 96
20 19020090003 程眉 96
21 19020090006 李磊 92
22 19020090001 曹雪勤 91
23 19020090012 刘小利 82
24 19020090015 康小燕 82
25 19020090009 向鑫 81
26 19020090022 吴恒 80
27 19020090026 谢婷 80
28 19020090007 于微 78
29 19020090019 赵正辉 77
30 19020090024 肖劲 76
31 19020090035 钟艳 75
32 19020090033 张薇 73
33 19020090034 张恤 73
34 19020090032 张培 73
35 19020090011 刘戒慧 69
36 19020090014 邱淼 68
37 19020090029 杨童 67
38 19020090021 韦静宵 63
39 19020090010 刘飞天 63
40 19020090002 羊自立 39
1 ﻿19020090040 秦心芯 100
2 19020090006 李磊 100
3 19020090017 唐一建 100
4 19020090025 谢瑞彬 100
5 19020090007 于微 100
6 19020090031 曾丽丽 97
7 19020090013 罗开俊 94
8 19020090028 杨超 94
9 19020090018 王鹏飞 94
10 19020090023 吴阳 94
11 19020090039 周世海 93
12 19020090037 王金鑫 92
13 19020090008 梁惠 90
14 19020090015 康小燕 90
15 19020090012 刘小利 89
16 19020090022 吴恒 89
17 19020090005 郭婷婷 89
18 19020090021 韦静宵 89
19 19020090020 王正伟 88
20 19020090004 费昊 88
21 19020090036 李岗 88
22 19020090010 刘飞天 88
23 19020090030 尹惠洁 85
24 19020090026 谢婷 83
25 19020090016 石波 82
26 19020090019 赵正辉 80
27 19020090038 周波 78
28 19020090027 颜梦梅 77
29 19020090033 张薇 76
30 19020090009 向鑫 75
31 19020090034 张恤 72
32 19020090035 钟艳 71
33 19020090014 邱淼 70
34 19020090002 羊自立 70
35 19020090003 程眉 68
36 19020090032 张培 65
37 19020090011 刘戒慧 63
38 19020090001 曹雪勤 62
39 19020090029 杨童 60
40 19020090024 肖劲 55
******
19020090010 刘飞天 95 63 88 21 70 337 67.4 37
******
