19020090040,秦心芯,123,131,100,95,100
19020090006,李磊,99,92,100,90,100
19020090017,唐一建,90,99,100,89,95
19020090031,曾丽丽,100,99,97,79,96
19020090013,罗开俊,105,115,94,45,100
19020090039,周世海,114,116,93,31,97
19020090020,王正伟,109,98,88,47,99
19020090025,谢瑞彬,94,120,100,50,73
19020090007,于微,89,78,100,66,99
19020090012,刘小利,87,82,89,71,99
19020090028,杨超,94,108,94,26,93
19020090030,尹惠洁,101,109,85,30,88
19020090038,周波,93,112,78,29,100
19020090008,梁惠,96,96,90,39,89
19020090003,程眉,71,96,68,72,100
19020090022,吴恒,108,80,89,38,87
19020090015,康小燕,98,82,90,26,100
19020090018,王鹏飞,103,110,94,21,68
19020090005,郭婷婷,100,101,89,43,62
19020090023,吴阳,76,115,94,22,88
19020090027,颜梦梅,79,107,77,43,88
19020090016,石波,105,98,82,31,70
19020090037,王金鑫,93,98,92,26,76
19020090001,曹雪勤,73,91,62,56,100
19020090004,费昊,81,120,88,37,55
19020090033,张薇,90,73,76,34,90
19020090036,李岗,89,106,88,50,27
19020090021,韦静宵,99,63,89,20,82
19020090009,向鑫,109,81,75,32,55
19020090034,张恤,94,73,72,24,89
19020090026,谢婷,78,80,83,29,78
19020090011,刘戒慧,103,69,63,19,89
19020090029,杨童,101,67,60,20,94
19020090019,赵正辉,92,77,80,21,71
19020090032,张培,93,73,65,20,90
19020090035,钟艳,93,75,71,33,67
19020090010,刘飞天,95,63,88,21,70
19020090014,邱淼,55,68,70,54,88
19020090002,羊自立,67,39,70,61,87
19020090024,肖劲,27,76,55,33,80
======
语文
数学
英语
======
19020090010
======